501421
198171
450813
42463
202950
868099
279022
880638
578907
8645
985445
684392
21796
936650
747913
12949
600460
290149
674838
538929
30863
703986
961154
239765
805931
695934
815331
688306
772407
606910
567530
417939
686460
695303
620561
582862
536205
732291
152361
387691
664669
695698
730488
7730
978756
410327
249568
973124
779334
231917
850292
240939
997632
123604
732042
423941
873372
720720
17576
903979
359072
233395
80881
798165
786208
282977
998294
2926
579193
21685
33260
787392
49766
131275
312822
660511
560183
549891
110152
481854
588250
24199
388838
41250
479449
833872
522038
578202
922524
287530
345419
965769
432718
835687
953970
528283
377619
901064
904135
718989
331632
771141
729304
128800
794015
152546
930481
547492
554668
234176
852333
53318
244224
357014
103157
349616
852374
637624
430492
824883
251328
144112
212568
56494
6425
470602
974065
730784
12988
810110
588852
204679
741734
871242
76807
177636
128617
237796
158069
200095
394497
17831
972828
988859
330479
881341
627256
773299
831866
833494
475560
143769
718948
319342
299187
126432
126987
510786
792469
456326
1853
871937
15120
270993
487215
349392
721203
697751
236612
787051
726778
57908
936771
412323
722944
658605
577797
490625
197982
398014
253268
497674
375759
653012
527956
404775
333482
175005
657047
927110
705957
964437
191702
831535
638695
348582
756392
650720
899321
732669
34672
403749
306881
750143
244937
167872
890334
781982
645873
601541
435641
69372
853295
764832
331137
891288
4585
835722
872685
531613
56091
569279
438262
5107
749434
597777
190362
768267
30152
919926
219851
886040
954106
175515
288196
376957
369337
554000
580124
709511
904304
435551
126120
673767
51836
109854
804338
98267
380361
172814
84733
137191
161132
447037
921065
99572
942726
525173
455985
42882
861951
282194
444739
603843
722356
955567
561554
790196
129450
641137
995969
703846
213976
300221
1183
420352
731939
628440
302295
495873
573758
382493
528766
824994
968731
11876
75689
822067
921042
694551
58825
147775
660416
124247
270876
454762
144036
644582
300254
875195
894180
581972
221816
221080
708216
870274
520392
121622
22668
318976
156978
570157
970766
119174
937096
602717
416066
437596
593446
81033
497092
194958
240090
802739
469776
376137
110814
412064
881816
470941
740848
831755
364077
892205
2295
191920
574208
469120
652334
474892
78797
363263
306801
352017
206718
5847
996263
932588
161804
902357
718060
399790
927696
404152
640679
753177
751169
791988
874231
134564
238723
272611
964992
455434
351421
732451
524879
303101
834133
349616
655489
343624
863067
408218
78139
698370
946831
915671
128303
13825
367668
869569
26123
198650
695706
270724
82285
51094
164281
231736
749364
247895
938093
778105
680209
418695
562508
188997
200648
278346
126685
975825
859655
38615
927439
846705
966149
573912
668614
253334
271429
62572
479593
368848
208297
75300
290634
594466
348157
336095
348120
941686
983979
625815
906022
888135
1407
552450
378509
555188
445481
159989
487474
304176
447438
599054
193608
99332
416726
332004
441738
235547
662223
594466
9210
277466
851003
86797
990049
308390
965113
117474
702617
836528
666764
671621
51943
956490
231734
127094
636469
612873
461673
589960
131538
64192
235027
74320
734747
894844
606528
995778
710220
173379
616345
705034
314532
601977
217746
30341
641427
759280
984565
54710
169862
780066
508383
598992
49604
71483
644504
133538
411065
913340
18873
91134
233580
40473
453948
804381
557038
552442
225631
539942
73617
752505
309835
351302
381913
758931
29638
724632
442188
989679
763315
239021
15019
866619
623030
713435
119139
336734
263982
565014
795339
58891
235319
348461
709515
353485
531876
702111
380318
262107
257702
171420
67641
315350
560216
632738
606750
856403
247309
291450
722134
18680
745278
474668
607833
702413
309473
693825
807604
153249
646432
697899
682470
983539
359238
490422
998117
741035
874237
533432
419540
366297
761796
610836
946151
141522
608240
72988
574983
975286
852000
436196
724122
122790
242715
560027
204134
686567
832384
873166
770898
499939
662102
373148
546567
235315
550158
370135
841774
839346
645359
199472
166347
641205
653639
374106
462096
729598
898618
900431
844269
450363
626855
729904
385247
118144
217010
568981
726455
292593
203635
520215
554321
215378
275688
277316
224207
256064
660011
846555
67781
464596
549488
17132
169825
577904
486440
53119
648605
78398
861474
330341
725388
151442
937768
890001
118471
641059
60718
132126
545866
349322
963224
120432
374176
278611
328082
224151
695299
663997
14433
66069
369598
893545
612281
875
818069
663631
232620
597175
600435
967518
693790
845159
63236
765011
515407
61937
593333
429604
378069
717725
262927
322664
961181
657341
898951
90764
317383
435559
865055
534314
193842
743068
88686
145656
961966
143547
119534
662969
64755
594651
255266
239944
140301
476602
18057
75440
235506
99636
517999
604530
766635
582512
488915
596332
138198
894141
30816
756018
180265
822951
344549
680394
814893
441966
994658
263464
610836
698002
483698
899216
136868
553597
174738
81627
274654
86283
847038
245601
900912
847850
419567
950825
598441
708259
627223
753397
306914
654453
686170
363228
73228
268699
232281
935470
312098
857992
67855
594517
236028
458100
503090
535648
365861
183482
325860
304053
281456
647094
685393
98962
22645
422837
426060
198944
801230
771120
654599
857552
933579
103735
578011
266590
153769
906760
895142
433384
717990
98567
279201
72525
961037
40103
734011
856333
212679
676026
862321
624896
236573
525033
327527
400339
600682
493400
47359
305662
639735
735177
902246
734153
919153
30438
995969
367516
361565
404966
750363
890073
445623
964254
372585
497949
137234
163576
478045
548339
463375
986933
905570
949423
888817
759496
8283
137339
905907
562656
956159
735859
496942
477406
837315
251550
380322
127612
588673
395457
200097
245112
46031
885080
68893
230883
645431
820182
124465
933104
562987
981745
10587
116917
326179
651795
441487
345355
184078
801240
260997
248738
770230
743629
655127
400263
843854
602421
430862
273758
144001
189472
517358
4998
642317
142371
104193
929478
730420
418319
72893
119659
124576
492132
634660
392495
524885
855998
332925
513565
314721
669058
821276
566512
832394
653203
77666
712874
4332
585012
962957
814190
370817
978980
287600
639328
793466
811448
791694
628931
376359
382123
704033
440879
387095
660749
785024
748145
214272
717610
18265
13064
643943
83876
357053
208681
992635
140642
189474
712469
880513
884342
428706
842711
680509
665777
392195
761354
928438
749533
876638
716029
229479
793914
92043
843418
445541
596556
361384
7017
199581
704485
750468
391344
981126
736443
33708
826731
389054
514560
658928
65347
295485
353571
620635
481959
967759
104491
401067
923486
432270
801666
390275
677508
614908
9617
444665
783795
45941
217084
494837
161917
160207
878486
361902
276317
482370
946792
193548
312838
228998
998111
178966
88174
113815
294774
453726
165500
391973
384246
354124
899169
427226
82848
431148
380984
317907
939353
885035
509374
367041
529687
329262
657144
430788
176567
45174
657078
431666
944983
137072
80406
570578
9652
248045
29525
23759
740780
746129
918520
158433
110072
541981
963629
554444
258553
946796
356019
364807
329934
232587
339959
801645
912869
802566
669516
782662
691702
134457
165611
22380
152694
903839
345655
104043
443962
951608
350759
317905
736451
961
639657
299695
683562
287892
175708
754690
826530
514675
75999
804418
45026
784214
948831
737748
397866
428058
389486
205127
954786
886893
357349
138159
463942
54543
409069
932165
953884
743592
7572
674770
619293
186689
381660
456694
584883
728369
658155
50282
398088
123250
238608
489661
346695
95831
644356
339721
948979
75327
302439
686086
215475
264185
993307
134648
527134
450924
936105
352833
231617
227218
730932
939912
301259
519337
632849
660336
653351
594850
880046
325227
978729
953450
47680
858103
177085
763186
650722
329447
746067
751691
470117
994259
723096
712734
320851
620306
25718
38409
239276
639133
289228
936198
308752
907235
549747
243317
598618
112263
369226
994824
937324
107706
250197
160211
494048
713799
439148
203830
389607
767864
464643
383837
811627
459839
8912
946188
354644
238090
959485
626360
558181
821128
740700
116796
866650
100090
269102
412368
482290
966178
134424
193127
834170
350430
850888
652899
637172
8291
278079
437409
760947
836312
557778
598248
384951
755654
166059
725869
158511
445995
926282
669956
342134
467161
83015
507783
149726
552563
781501
671389
766495
109778
554181
392760
764203
212597
657896
877489
885999
621706
362603
867723
425090
617270
537313
503269
667853
678840
132054
642282
126393
299144
402703
51133
530279
464721
976840
123067
803127
591004
108563
37338
494767
944689
718204
516998
391891
840257
67822
597325
280605
144632
166277
63678
82867
875865
254859
469776
839533
931768
969175
896283
263575
230507
25459
859655
833531
802198
528838
31926
654124
615013
252308
680320
552191
169420
481920
989819
133645
148661
277947
674219
772890
658309
248450
540312
757617
841486
183266
912717
61713
903428
146260
80585
467926
832209
872759
175155
15720
349871
571721
140527
992705
878494
476563
705511
947049
558740
747438
517775
439195
602289
567803
850210
508515
517115
535905
540536
76628
988273
697659
72554
759387
450618
819185
960410
811298
637211
745886
847083
174236
640872
946243
973580
853106
271655
588361
933620
92201
746659
745463
870570
72887
997330
580332
528394
107708
128876
603845
815890
551472
817214
357047
795647
903093
679167
113406
255891
820721
899656
449697
277532
22380
653016
782588
455169
295074
101235
218780
682577
85652
6544
315761
663113
394499
242090
602912
554261
946418
736410
957265
408253
860097
636549
185112
316752
289454
725316
403708
421653
759531
377360
74402
200944
169531
589779
780890
689864
684793
872461
104485
548857
992530
32594
663469
136087
641234
138303
848738
997100
438159
198985
312275
430500
127793
343842
951738
39281
822252
536978
596657
429676
908643
111690
276525
466427
403005
661333
493197
744511
976799
70472
368926
188261
126461
721423
267692
937435
208383
162803
738295
931145
314501
773079
876747
848409
208231
206603
454400
316908
794500
654605
411215
549556
847971
209906
560574
818704
969323
866058
604174
429047
994629
940430
803672
97704
329583
953084
907457
903909
930510
248561
180298
216844
906797
894425
632695
261558
964926
643655
798981
235060
168865
993067
660075
130126
737592
626000
559957
679251
855141
771891
212936
77851
712251
270436
149625
396088
255369
372478
198654
841737
363452
565698
852855
281828
427559
958398
616460
684487
552929
7025
681463
391535
859104
622475
531245
380476
598811
941764
318129
927466
68745
297259
113663
331110
535424
171235
377880
605911
648757
170125
247017
308427
64708
303292
485353
902655
251032
101823
200601
328263
698970
361900
668778
678511
12133
549344
868685
151736
595740
773989
570138
682318
920861
492494
77251
915860
582663
858253
971549
434081
627967
863834
455288
393556
874889
449915
138971
985934
195199
983722
374628
381393
983683
269361
480553
63271
287680
498208
454289
717398
316386
427832
23889
83214
307013
321087
132603
427608
966852
433164
207057
553451
965539
80277
804523
500352
199688
575456
488068
349322
802554
567542
27009
791246
122695
566475
269754
369518
141156
692635
288529
555741
53651
932989
640839
71230
987184
441002
847486
111077
76511
664079
434455
384102
369701
335254
135160
126981
289966
612168
102160
502794
621679
901019
225442
45608
247229
148246
904353
58829
103994
636545
871939
130052
87066
570535
918078
170828
868525
985714
610487
641731
856241
767821
359865
874305
765202
815886
428093
647242
523919
635916
725976
430200
488251
162159
499043
952996
186257
748287
248719
11691
64938
895292
486508
670186
963689
780888
169058
270465
285678
345805
911241
907301
89463
190611
325973
282223
575411
161537
86612
92793
687909
647314
561735
370367
806196
122395
119032
425273
747062
720726
444223
308949
551673
877417
476621
954262
779688
320349
804753
404411
282352
949713
622808
788428
677946
389391
593467
956556
2663
244754
216708
933135
258002
353271
549967
598069
829416
562623
380026
257556
996970
820959
191250
12945
11993
615167
530612
89500
461118
41667
615420
533693
892515
45622
281937
940286
924481
613391
622450
118609
309915
952932
909013
858251
680653
947793
650570
205908
942498
420270
881417
910199
544413
987122
29846
948556
94462
546337
961728
293117
45472
675615
51283
327400
422023
481998
370891
573980
813395
685015
353458
642492
102329
969584
520073
558701
654683
893991
124578
884673
942274
887043
808918
290196
819736
121273
621227
485149
930471
295226
989681
674497
962700
612349
504011
943762
729049
489470
598665
237317
291991
781104
488757
837389
607691
555260
953045
507565
412064
704294
814704
705688
319052
927554
215068
531751
357425
870375
29270
316904
415275
453977
21796
15839
317272
682415
588231
812038
506128
461685
182148
596334
551556
214564
773712
228361
958593
329028
939320
741220
999034
722572
427575
900914
537708
60093
300961
778152
76404
408368
1222
244631
488662
363822
933809
553147
168086
938167
422391
412736
560944
736702
127082
216934
309204
215123
278153
337205
472995
49538
319977
641104
558140
904859
813876
645246
319091
137750
697675
962778
561659
216375
249270
956784
417100
896357
352128
758273
810706
434897
910049
59898
97827
378361
509783
345248
88394
710876
676990
464448
935651
396491
326419
714531
608359
601107
250532
836816
921155
130060
747107
590367
345766
864578
731902
811286
74188
234844
933770
119587
58605
12104
21603
681426
998666
957084
758228
689675
500794
109581
532398
470197
879604
751806
862140
376174
327381
335815
721205
879014
420578
904022
783536
518061
189807
793503
934948
615757
222515
655049
649018
923155
523549
74811
74593
601292
104859
331967
933172
201834
527163
79629
574264
555412
867209
981019
783990
729082
832051
589738
198251
461414
993178
5736
414553
737002
364416
95161
152926
409696
794432
307327
61555
34672
897958
374772
16022
320037
497612
430870
9691
857546
798716
331581
981792
43215
771400
214217
183071
346389
460351
580998
923266
340808
196212
440694
802607
153537
931663
293740
770008
245015
173887
996814
610014
679617
235613
791750
702816
296184
779910
32822
157734
438852
878379
399225
664924
159841
56948
627223
666061
51986
51943
46434
689089
122878
248719
456197
946169
370110
25868
127904
541963
967952
476779
965697
889668
225872
232511
114917
183710
727674
357606
548304
24460
314246
542016
420989
545083
816540
61711
223512
636843
702183
229839
22419
120358
43182
313387
321827
960891
466941
134681
331116
876525
999852
833130
673771
933254
963430
508940
823436
979681
333098
720395
801417
14577
220766
59853
921075
836939
390386
277865
614575
577382
966774
681687
626711
954897
748402
777441
111038
361152
783071
380836
413624
115408
118841
667962
579974
492317
887173
890170
868868
366186
132788
723425
810264
571908
44876
477149
590729
329443
505341
633390
802054
328999
110627
440897
839496
325753
77960
534238
482142
340580
697780
802940
443039
814998
240135
982310
923373
318269
476972
687983
455288
653378
230030
868385
568907
460869
603549
896246
69473
666782
813857
772999
958295
373734
773934
167759
284529
41178
844530
264037
459946
54311
411353
637285
826065
28047
198650
634814
505111
444042
479451
981607
821165
468304
592595
584634
827954
47324
426161
757459
726305
630409
778148
339581
207941
115698
755027
430831
10170
866580
616125
715583
216634
899290
726889
598314
89638
584494
529138
622818
468606
465095
689163
899319
20575
35484
833798
510634
876490
579970
534875
120126
441263
419433
451257
255190
408853
161936
790241
988275
271094
806272
496749
987494
853036
796523
831395
160544
661787
373179
248199
363670
81775
820696
729859
899438
703957
458431
993747
775186
322859
471792
226626
943867
386283
932325
258228
2739
933922
604131
335852
69154
309455
383615
907726
809189
180559
471274
77031
839443
653647
622565
634814
975765
517580
75185
835576
51840
900139
1142
320682
278679
875925
581035
853854
370552
806494
48249
777542
906721
451923
299687
349174
654110
135865
922851
369555
822065
501090
734973
761796
473005
640099
182594
12392
560500
635700
199092
632257
318678
797197
368599
51986
974049
126796
492605
606277
4445
801900
907763
522437
415102
708701
152760
69816
757496
310838
830538
282054
861176
389646
766304
912045
502568
441146
805181
529023
482411
763786
850522
918483
836298
523362
988867
195766
148737
329250
799203
291489
194323
108004
195024
721820
379843
308762
395718
800749
427787
725943
876492
706594
236287
474713
392495
62529
254409
903175
426393
939801
651306
478335
656753
447218
196309
928779
294040
311823
704853
181916
382871
116775
314265
877413
417914
102033
338759
496056
870533
690053
429964
385350
475048
147136
12842
220003
370367
38004
220848
680507
446918
387599
803195
386209
494648
706553
726268
366780
1076
293187
441746
608725
695679
470006
45248
461241
190146
667329
796350
935688
309825
511705
724891
186522
966367
330855
293522
705258
667886
734893
341548
16279
13578
183889
781587
905950
772557
701630
771743
474559
393611
147109
336000
540865
41735
701151
655826
189918
512151
482115
505386
495024
617887
446885
552592
701914
897921
990255
499635
408004
745212
902057
284794
523442
300556
590591
818630
49131
711497
735193
976986
955078
603031
776366
823504
697233
857544
903395
284348
154733
52467
451368
747882
24758
152593
865248
312279
960260
305385
644046
651906
984205
836016
922257
728609
966957
790936
601323
816622
200860
626183
189371
566619
358048
889660
760721
80480
366546
994121
694440
219004
989044
428714
102341
616532
140272
5925
106705
123937
227481
993780
378174
652204
50430
228848
593319
642210
44284
557622
722169
628950
901985
206391
306476
626407
860876
923932
137970
304441
187852
997852
997470
180008
649688
489250
365417
295925
3058
285717
261466
109552
788013
819444
627295
564401
963629
547928
909336
567086
166425
544526
753432
341513
629986
798132
970571
384873
50617
68011
184892
995965
932173
391500
822922
600468
197900
594069
355939
343439
101589
396711
952562
674363
726463
970400
956112
895810
604242
35038
842236
898125
240043
847971
570619
553924
579904
685272
488812
494315
704444
656377
199283
239720
283937
955713
49419
907716
580492
896248
154924
971181
33044
321790
116621
788364
708366
248423
840569
878515
155806
830166
122658
165424
447960
998210
905615
660854
446114
370223
372293
312349
571618
277867
280535
985198
621455
10727
204761
804457
411737
623194
590525
326927
284184
903319
784516
267069
761607
349341
448963
750400
886988
253488
21188
314719
30964
240168
128321
133203
203238
855437
117583
182892
154145
56243
111182
329147
799236
696271
247866
550265
753913
357830
19537
774748
12760
124541
863764
52987
57826
145267
423240
36668
933061
85761
129945
989342
68338
814850
27307
799197
887247
924888
987776
717417
488257
931877
737896
795347
928327
254703
349415
242497
899124
319741
107961
177634
828614
390127
918789
496944
693122
965169
660303
830618
76595
850062
143707
811267
259780
240894
591592
126097
377440
424981
794303
76519
925850
942911
353347
617276
158065
310491
673327
97704
150112
646607
612937
177159
575310
808326
952786
639359
470405
876609
93486
75781
528731
93313
640864
662112
706549
595364
791758
500759
176750
545790
677354
250674
915486
506459
76484
18429
457062
152591
158180
732920
601459
675473
163800
475955
110929
471901
188553
491287
679323
966464
473116
845899
710956
666624
865168
964554
692347
795427
361115
511672
193727
102884
887561
341867
783661
699638
734630
493686
394787
15315
297985
447058
921453
223888
43073
118440
89506
738963
849821
316014
878457
622670
148671
627593
36035
7619
506640
963847
465019
879343
576790
229438
523185
817514
567530
844641
516188
541272
644471
90984
922331
359382
923784
501688
132794
870977
967954
772004
742244
514852
943055
909687
676209
814986
849211
600363
688797
420796
482775
8585
17461
287822
41443
488660
228289
599138
532417
927663
539299
272695
393157
692162
154314
153730
985149
402890
393815
239245
871719
8694
659076
532879
37928
883522
512038
376869
465348
918697
408504
359349
719980
832125
868747
145008
464051
168871
120804
825531
51760
714471
501022
639328
619599
294581
149290
156065
330894
181916
780035
275137
684536
585639
569322
635920
48876
943949
437746
286081
829767
992853
268950
706251